ST	argH	cya	glpK	gnd	murC	pta	purH
1	1	1	1	1	1	1	1
2	2	2	2	2	2	2	2
3	3	3	1	3	3	3	3
4	4	4	3	4	4	4	4
5	5	1	1	3	5	5	5
6	3	5	1	3	3	6	3
7	6	3	4	5	6	2	6
8	6	6	4	5	6	2	6
9	4	7	1	6	7	7	7
10	4	9	6	7	4	8	8
11	7	10	1	8	5	1	9
12	7	11	6	1	3	5	10
13	1	1	1	1	7	1	1
14	3	12	1	3	5	3	1
15	8	13	4	9	5	11	11
16	9	14	7	3	3	11	12
17	10	13	2	10	3	13	2
18	7	1	1	8	5	6	1
19	3	11	1	3	3	13	3
20	3	1	1	3	3	3	10
21	13	12	1	8	5	1	5
22	3	1	1	3	5	15	1
23	11	13	2	10	7	13	2
24	3	1	1	12	5	17	8
25	11	17	4	10	6	11	8
26	3	12	1	8	5	18	3
27	11	13	7	17	12	11	16
28	14	18	8	13	6	11	14
29	12	11	9	14	11	19	15
30	4	16	10	15	4	4	13
31	3	1	1	8	5	15	1
32	4	19	11	7	9	6	11
33	7	5	1	8	5	6	1
34	11	20	4	10	8	13	2
35	11	14	4	7	6	2	16
36	6	11	4	5	6	14	6
37	11	13	4	9	6	11	11
38	4	15	12	11	10	6	8
39	13	11	1	8	5	1	5
40	3	11	1	3	3	18	3
41	3	11	1	3	3	3	2
42	8	13	2	10	7	13	2
43	4	8	5	7	4	4	17
44	4	15	3	11	10	6	13
45	15	1	14	3	11	22	15
46	16	21	3	7	4	8	8
47	3	11	1	8	5	15	18
48	11	13	2	10	1	13	2
49	3	11	1	3	3	5	10
50	4	9	3	15	9	8	11
51	4	9	5	18	13	24	11
52	4	4	5	7	15	8	11
53	19	1	1	3	14	3	1
54	7	11	1	1	3	3	3
55	18	12	1	8	14	25	5
56	17	22	15	15	4	26	11
57	4	18	8	6	7	11	7
58	20	12	1	19	5	11	3
59	3	12	1	8	5	23	18
60	11	13	4	9	6	21	11
61	3	11	1	12	5	3	19
62	4	9	1	7	5	6	20
63	3	11	1	3	3	3	3
64	21	19	13	8	4	20	22
65	3	20	1	3	3	12	20
66	17	12	1	15	4	8	21
67	11	13	16	9	6	11	3
68	4	19	5	16	4	4	11
69	11	13	4	9	6	11	8
70	4	9	3	15	13	8	8
71	11	13	4	9	6	11	3
72	1	12	1	3	3	18	3
73	11	20	1	9	8	8	2
74	20	1	18	3	5	1	1
75	4	9	13	15	4	6	8
76	13	23	17	3	16	15	23
77	3	11	1	3	3	12	3
78	11	14	2	20	6	2	23
79	22	1	1	8	11	16	15
80	11	20	2	10	8	13	2
81	3	1	1	21	5	9	1
82	3	11	1	3	3	10	3
83	3	11	1	3	3	11	2
84	4	15	6	15	4	8	11
85	4	15	12	15	10	6	11
86	4	15	12	15	4	6	8
87	23	1	1	1	5	1	1
88	11	13	2	10	12	2	16
89	11	14	7	22	2	1	2
90	4	25	6	23	4	6	8
91	3	24	1	3	3	5	10
92	4	16	3	15	9	23	11
93	3	11	1	3	3	11	8
94	3	1	1	3	3	10	10
95	3	14	7	3	3	12	12
96	3	11	1	3	3	9	3
97	11	3	2	10	7	13	2
98	11	14	4	20	12	13	24
99	11	13	4	9	6	12	8
100	11	14	2	10	1	13	2
101	11	14	4	20	6	2	16
102	17	9	5	15	4	8	21
103	11	9	4	9	6	11	8
104	11	20	4	9	6	11	25
105	17	26	5	15	17	6	21
106	17	9	19	4	4	8	11
107	1	12	1	8	18	17	1
108	3	1	1	3	19	3	10
109	4	9	20	7	20	6	11
110	11	14	4	24	6	2	7
111	11	2	2	5	21	13	2
112	11	13	2	5	22	2	26
113	11	27	1	2	7	11	9
114	1	11	1	3	3	18	3
115	24	20	1	9	8	8	27
116	11	13	2	10	22	2	7
117	11	14	4	24	6	2	16
118	25	14	7	25	6	11	7
119	4	9	19	15	9	8	4
120	3	28	1	3	3	18	3
121	3	14	11	3	3	8	1
122	3	12	1	3	3	3	10
123	3	12	1	3	3	27	10
124	26	9	5	15	4	4	8
125	3	5	1	3	3	18	3
126	3	1	1	1	5	18	3
127	3	23	1	3	3	3	3
128	3	5	13	3	3	32	3
129	11	20	4	9	8	11	27
130	18	12	1	3	5	11	1
131	3	12	1	1	5	18	3
132	27	13	2	9	24	2	5
133	3	1	1	8	5	3	18
134	20	12	1	26	5	31	5
135	19	12	1	27	23	3	5
136	28	12	1	8	3	3	1
137	3	12	1	3	5	1	10
138	3	14	1	3	3	3	3
139	17	19	21	15	4	20	21
140	4	19	12	28	4	28	21
141	4	19	22	7	4	20	21
142	3	12	1	1	5	1	28
143	1	11	1	8	3	15	1
144	29	12	1	29	5	1	1
145	3	1	1	3	5	29	1
146	3	11	1	4	5	9	19
147	21	29	23	15	25	6	22
148	4	30	3	7	26	20	21
149	17	19	5	15	4	30	29
150	3	19	6	15	27	8	22
151	11	13	4	5	2	2	16
152	3	11	1	8	3	32	3
153	28	1	1	4	5	3	3
154	5	12	1	8	5	11	1
155	3	1	1	3	3	11	1
156	11	13	4	10	6	11	11
157	13	12	1	8	14	33	18
158	3	1	1	8	5	25	3
159	11	14	4	30	7	13	26
160	11	20	4	9	6	11	8
161	4	4	5	15	4	24	8
162	11	18	24	3	6	11	7
163	30	13	2	5	7	2	2
164	11	13	4	9	28	11	7
165	11	13	24	5	7	2	26
166	11	9	4	9	6	11	30
167	11	14	6	24	6	2	16
168	31	9	6	15	4	4	31
169	4	29	4	15	29	6	11
170	11	20	1	10	8	13	2
171	11	12	4	10	8	13	2
172	3	12	1	31	30	33	9
173	19	1	1	8	5	3	32
174	20	1	1	26	5	1	33
175	32	14	24	10	31	11	23
176	21	13	4	10	6	11	7
177	33	30	3	7	32	20	21
178	18	12	1	3	5	5	1
179	19	12	1	26	30	11	32
180	19	1	17	3	7	16	15
181	3	12	1	8	5	33	1
182	3	11	1	3	5	3	3
183	18	1	1	8	5	3	10
184	3	11	1	3	30	3	9
185	7	11	1	8	5	3	10
186	3	12	1	3	30	3	9
187	18	1	1	24	5	3	10
188	18	1	1	8	30	1	5
189	3	12	1	8	5	33	9
190	1	12	1	8	5	3	5
191	5	12	1	24	5	11	1
192	19	12	1	26	1	11	5
193	18	12	1	8	5	3	1
194	18	12	1	8	5	18	5
195	18	12	1	8	5	33	9
196	18	12	1	8	5	3	10
197	18	12	1	8	5	3	2
198	18	12	1	3	30	3	5
199	11	11	2	10	7	13	2
200	3	13	1	8	5	15	18
201	18	12	1	8	5	3	5
202	34	12	1	27	5	1	32
203	4	15	3	1	10	6	21
204	4	9	20	10	20	6	11
205	19	1	1	26	5	11	1
206	13	11	9	3	11	25	15
207	3	12	1	10	30	3	9
208	3	5	1	3	3	12	3
209	13	1	1	3	30	2	2
210	11	20	4	10	8	2	2
211	3	12	1	8	5	15	18
212	4	9	25	7	20	6	8
213	17	31	6	4	34	8	8
214	4	15	26	15	33	8	8
215	4	15	5	7	4	4	8
216	1	1	1	1	6	1	16
217	3	12	1	26	5	35	1
218	5	1	27	3	5	34	5
219	11	1	1	3	5	15	1
220	11	1	2	10	1	13	2
221	28	1	27	3	5	9	5
222	1	13	2	5	2	2	14
223	11	1	24	10	7	4	7
224	28	5	1	3	3	3	11
225	4	9	28	7	4	6	8
226	3	1	1	3	5	23	1
227	11	1	4	24	6	2	16
228	3	1	1	27	5	25	1
229	11	1	4	10	1	13	2
230	2	14	2	5	6	2	16
231	11	14	4	3	12	2	2
232	3	11	1	10	3	9	1
233	5	1	27	3	1	3	5
234	2	14	2	10	21	2	23
235	13	1	1	3	5	11	1
236	2	14	4	2	2	14	2
237	11	1	2	20	12	2	6
238	11	1	2	10	35	36	26
239	13	1	1	3	5	1	5
240	35	1	1	27	5	25	5
241	11	14	4	24	6	18	16
242	11	1	2	10	7	13	2
243	19	1	1	8	5	3	3
244	11	1	4	9	8	11	27
245	11	1	4	5	12	13	24
246	36	1	1	8	11	16	15
247	2	1	2	2	2	2	2
248	13	11	9	14	11	19	15
249	11	20	4	10	1	13	2
250	28	12	1	3	36	16	34
251	3	14	7	3	3	11	12
252	24	11	1	3	3	5	10
253	14	1	8	32	7	11	7
254	1	1	1	1	1	1	33
255	37	4	5	7	15	8	3
256	37	26	13	15	4	4	22
257	13	11	1	8	5	1	1
258	20	12	1	19	5	23	5
259	28	23	1	3	5	16	15
260	17	22	15	15	4	8	11
261	4	15	13	7	4	4	8
262	11	13	24	10	7	11	7
263	11	13	4	10	8	11	8
264	11	14	4	24	8	2	23
265	11	13	4	9	8	11	11
266	4	29	19	7	9	6	11
267	4	29	19	4	9	8	11
268	4	29	13	15	15	6	11
269	4	15	19	4	37	4	11
270	13	12	1	27	14	22	1
271	11	14	4	24	12	13	24
272	18	1	1	8	5	1	1
273	11	20	1	9	8	8	27
274	3	12	1	8	5	29	18
275	11	14	30	24	6	2	16
276	3	1	1	3	3	12	35
277	20	12	1	8	3	37	9
278	13	12	1	3	3	3	9
279	11	13	29	5	2	2	16
280	3	14	7	3	3	6	36
281	3	12	1	3	3	33	9
282	3	12	1	3	1	3	8
283	18	32	1	1	5	1	1
284	3	11	1	3	3	3	20
285	24	20	1	9	6	8	27
286	38	1	1	3	5	1	1
287	21	13	4	10	8	11	7
288	3	11	1	3	3	32	3
289	18	32	1	3	5	1	1
290	18	12	1	3	5	3	5
291	11	13	2	5	2	2	26
292	18	12	1	8	5	1	33
293	3	12	1	3	3	18	35
294	13	1	1	3	38	1	1
295	13	1	1	8	5	9	1
296	24	11	1	3	3	18	3
297	39	12	1	8	39	3	37
298	19	12	1	33	5	3	38
299	3	11	1	3	3	3	10
300	3	1	1	3	3	3	1
301	3	12	1	3	5	23	1
302	38	12	1	3	5	1	1
303	28	1	1	3	5	11	3
304	19	1	1	26	5	3	9
305	11	13	2	10	7	13	39
306	20	1	1	26	5	25	5
307	18	12	1	8	5	1	10
308	27	14	2	9	21	2	40
309	2	14	2	10	6	2	23
310	11	13	2	34	7	13	2
311	4	19	22	35	4	8	21
312	3	11	31	3	3	5	10
313	1	1	1	1	1	1	41
314	3	1	1	3	3	3	3
315	3	12	1	3	30	33	9
316	17	33	32	36	27	28	21
317	3	5	1	3	3	3	3
318	28	12	1	8	5	3	42
319	40	32	1	19	5	1	3
320	3	14	7	3	3	11	27
321	7	5	1	8	3	6	11
322	3	34	1	3	3	12	3
323	13	1	1	3	30	1	1
324	5	12	1	37	5	11	1
325	3	34	13	3	3	12	3
326	33	14	4	10	35	2	23
327	11	20	4	3	8	13	10
328	2	2	2	2	35	2	2
329	4	15	5	7	4	6	11
330	3	11	1	3	3	15	2
331	3	23	2	3	5	3	9
332	20	12	1	8	5	37	5
333	4	4	5	38	9	6	8
334	4	15	5	15	4	3	11
335	11	13	4	9	6	11	16
336	11	20	2	10	7	13	2
